30 63 68 93 93 81 26 55 75 86 37 9 65 41 96 36 13 49 59 30
46 27 83 32 44 1 63 71 58 67 71 14 28 81 48 86 20 33 70 34
1 71 73 81 30 35 72 71 97 30 0 89 27 81 30 25 16 42 16 30
21 21 58 33 22 5 30 90 3 49 65 2 92 42 37 85 67 89 55 63
62 57 18 36 81 43 46 54 75 16 52 80 26 61 91 5 16 21 68 37
46 35 51 48 91 90 81 37 86 88 87 67 49 99 61 64 18 11 16 2
4 45 85 24 51 76 22 45 25 18 84 92 81 78 77 16 31 53 21 54
38 27 35 65 26 89 64 14 29 53 66 62 83 54 56 22 15 33 24 98
22 60 72 70 53 43 89 65 35 30 96 19 15 3 91 90 0 37 24 13
94 96 14 10 13 75 1 46 74 60 52 60 23 72 26 94 44 37 81 28
16 36 72 11 45 39 87 5 3 24 93 49 0 8 35 85 66 40 76 96
76 78 78 34 15 24 62 22 83 81 53 64 97 36 71 92 12 72 80 79
69 2 82 6 17 50 62 32 53 69 28 93 97 46 70 69 58 24 70 58
75 25 83 95 23 67 58 85 8 28 49 68 43 18 49 16 52 49 42 87
63 13 23 36 77 69 21 92 49 6 32 28 98 36 5 94 89 19 40 95
77 54 55 28 43 82 40 16 45 29 27 29 7 78 55 49 8 14 94 25
27 65 97 97 42 47 47 20 8 37 35 52 83 35 20 6 29 65 8 28
8 79 89 83 2 6 32 67 58 33 53 29 33 97 5 18 69 41 75 79
96 73 45 42 62 82 78 54 32 6 5 6 1 47 85 28 87 87 48 89
99 15 67 59 3 93 84 30 97 71 59 0 16 79 35 31 66 76 32 6
9 83 74 97 48 59 26 17 47 27 41 0 20 59 95 73 36 31 81 69
60 32 38 35 5 42 56 53 72 19 27 48 92 38 41 61 37 82 96 90
77 63 92 5 47 6 93 16 37 69 25 31 4 68 88 19 30 88 86 99
98 22 50 53 3 89 44 58 16 97 47 59 22 59 73 21 53 39 21 96
21 84 16 76 95 68 70 9 39 80 27 85 81 86 81 76 41 70 48 60
77 18 72 31 78 8 40 75 62 30 40 44 8 28 50 5 75 63 71 20
13 29 72 48 49 10 72 62 60 22 80 16 77 24 42 3 24 71 93 51
3 8 29 73 84 61 83 64 11 5 7 13 28 21 33 82 23 47 88 83
80 25 26 32 46 36 73 2 12 75 11 93 98 76 52 50 74 55 58 75
62 43 42 68 23 86 86 65 1 64 4 34 90 43 52 78 93 61 14 37
75 39 19 21 72 11 62 84 12 46 28 53 46 89 61 44 67 81 54 40
76 53 88 84 74 92 87 97 94 72 96 48 97 99 65 39 74 40 34 71
18 22 9 82 34 78 55 54 87 86 2 79 97 23 28 9 47 19 35 89
21 60 71 70 69 34 96 96 14 12 28 7 48 31 61 90 82 62 60 98
96 45 90 74 30 13 97 48 45 46 43 99 7 29 56 53 35 38 86 31
1 1 80 3 80 80 95 33 81 5 73 84 34 30 74 65 56 32 58 86
85 64 12 81 6 4 9 78 88 21 45 27 60 94 63 28 13 91 76 80
45 68 97 99 0 41 10 8 44 11 59 2 79 8 43 77 43 72 32 32
96 25 22 54 49 12 36 93 93 90 96 38 61 31 28 99 2 42 17 12
0 50 85 10 66 91 22 93 99 18 29 49 82 68 52 60 82 30 23 19
8 78 31 99 73 53 30 94 5 65 56 28 30 98 59 96 47 94 81 67
24 13 46 45 43 47 1 3 81 57 57 98 23 76 29 27 49 38 32 2
40 69 75 52 85 14 49 64 41 23 66 34 28 54 93 14 54 70 35 48
96 75 68 73 14 82 33 54 57 83 69 20 4 60 58 32 0 35 39 75
37 39 15 55 5 67 17 18 80 1 95 32 94 55 38 45 92 29 32 68
41 59 57 35 41 8 48 96 57 76 18 33 82 86 81 80 1 63 18 9
64 32 25 98 10 2 39 6 53 41 46 17 57 58 49 12 38 34 66 64
27 5 41 30 49 88 52 47 74 83 17 81 67 14 1 66 94 47 1 75
38 97 35 10 37 5 76 47 76 90 21 1 9 87 36 25 41 20 95 22
90 13 17 36 48 25 50 52 97 67 54 65 27 31 2 62 89 31 30 91
82 12 90 98 97 97 56 91 47 32 28 43 8 57 14 6 84 27 89 32
98 85 49 28 3 54 68 9 69 25 67 93 36 16 12 30 66 12 16 0
7 75 49 29 55 90 1 45 39 38 90 55 51 73 15 56 99 53 81 63
17 86 12 9 0 14 1 27 12 79 80 51 40 24 35 96 97 96 81 39
16 72 65 47 39 24 79 96 90 18 57 20 2 58 80 74 11 26 94 33
58 42 20 69 34 81 30 69 77 80 54 68 59 55 38 22 62 13 33 76
5 91 4 24 2 22 99 5 28 0 55 94 14 6 93 81 98 4 65 58
74 9 28 42 49 45 76 71 40 0 9 46 11 93 17 36 98 57 10 9
92 56 52 91 35 70 82 4 76 58 85 5 26 47 60 47 26 43 20 70
85 58 8 71 17 33 77 47 18 16 43 24 82 13 21 97 5 79 47 82
63 71 66 97 8 39 93 11 33 9 58 63 49 51 21 2 66 25 4 1
83 22 48 52 28 36 77 19 20 96 5 10 95 43 72 85 36 4 51 63
14 47 50 14 84 22 24 89 75 2 18 18 43 80 85 97 74 98 61 81
64 66 58 82 46 42 11 36 70 87 26 47 99 76 71 24 34 3 57 33
79 44 51 26 88 53 24 40 61 73 17 31 33 71 60 7 21 48 82 19
53 3 59 55 33 2 18 32 87 22 13 14 19 90 74 77 40 1 15 97
96 26 56 89 67 46 23 4 46 9 74 43 95 5 73 90 42 12 11 21
99 28 87 15 91 14 32 88 0 1 34 88 44 65 28 79 38 72 62 75
25 17 39 85 23 28 45 73 62 5 6 69 46 25 67 89 10 35 17 17
65 20 95 32 57 38 3 78 46 48 40 89 89 99 85 40 17 12 37 63
73 23 31 48 92 60 38 92 72 52 29 10 17 54 56 6 70 65 58 85
83 79 92 13 55 69 88 83 73 70 15 70 13 56 65 44 73 85 79 79
26 63 51 26 38 96 48 21 99 90 53 80 37 75 47 92 71 81 71 64
19 57 22 92 65 29 69 30 57 64 26 63 4 38 28 85 70 10 51 19
46 77 27 3 69 63 91 18 51 68 59 83 63 89 83 85 39 46 59 19
72 54 31 79 57 42 64 63 19 18 98 81 48 21 53 94 97 16 71 26
6 34 88 14 34 95 29 18 39 3 95 66 15 35 71 20 94 19 99 89
20 27 64 66 3 80 71 81 74 5 75 5 90 4 50 75 6 71 56 99
6 28 56 27 52 6 65 82 90 61 20 81 48 82 85 60 19 28 1 89
92 39 88 39 7 36 92 76 68 96 76 43 91 45 71 54 32 43 97 13
42 44 17 17 41 85 85 40 55 6 63 48 36 1 41 67 26 22 51 11
36 2 26 8 47 38 0 87 84 63 36 80 65 48 92 72 58 36 41 9
80 3 60 64 88 87 98 30 11 12 87 95 38 89 16 23 38 7 67 98
46 1 16 52 92 93 26 86 99 13 36 60 21 1 26 48 6 46 99 24
17 37 56 32 11 62 33 39 3 27 36 80 79 49 12 92 34 23 14 59
79 27 10 89 35 37 87 12 52 49 61 96 80 29 82 86 9 93 82 22
70 40 46 24 84 44 73 5 60 81 34 84 4 15 60 88 13 55 23 5
67 81 67 51 89 47 16 74 93 73 73 5 93 8 42 5 39 41 61 3
5 45 0 83 85 79 13 8 16 83 24 73 80 17 46 37 52 93 3 18
8 82 77 47 41 88 8 5 78 17 87 82 10 65 41 2 70 23 65 81
88 4 60 26 97 93 32 57 36 57 23 76 88 4 94 1 36 77 92 84
3 51 7 13 19 47 69 8 71 61 48 21 96 88 12 14 72 86 39 8
10 4 88 59 38 48 49 75 26 25 98 48 60 20 69 88 63 81 71 69
44 4 3 26 56 82 84 47 64 83 2 85 53 66 33 55 51 18 20 72
98 25 57 22 55 42 58 37 10 40 89 29 65 33 13 76 41 17 96 4
76 1 74 14 70 35 7 28 69 97 62 5 93 9 74 51 98 88 57 50
97 64 21 84 22 34 90 69 55 46 19 17 78 3 1 16 76 35 34 55
86 81 84 46 42 28 93 10 20 96 38 60 72 93 72 11 95 99 91 47
57 74 59 87 0 13 61 34 24 54 94 18 29 19 28 14 38 96 93 11
64 54 42 94 26 15 14 48 84 87 7 74 39 7 46 48 92 88 10 46
26 88 39 27 45 90 73 22 41 0 20 2 88 46 76 81 36 1 50 29
13 22 2 52 71 98 60 6 73 11 46 89 40 37 48 29 60 22 67 86
78 31 8 59 95 97 84 33 37 1 81 21 10 77 36 83 78 67 99 48
47 71 7 71 25 92 78 12 92 68 26 25 1 95 78 35 29 78 19 57
13 86 43 60 99 7 58 63 46 50 53 14 81 51 8 43 95 59 69 56
91 79 11 40 15 26 62 92 93 90 15 78 78 87 84 54 96 16 95 42
67 43 28 32 37 47 9 70 30 8 73 5 80 48 65 23 63 85 39 92
97 36 6 76 49 97 56 64 6 33 83 50 44 53 81 34 10 60 95 91
39 33 1 52 22 30 37 89 98 73 75 74 56 17 72 10 29 17 18 4
59 97 7 39 2 22 71 29 76 53 81 83 10 28 43 43 91 57 69 55
0 0 92 90 74 36 47 9 35 41 79 48 24 21 5 7 53 84 25 27
51 47 7 90 58 78 41 40 66 6 3 33 24 7 67 60 51 1 85 53
18 22 71 75 1 16 87 11 67 53 98 30 51 61 38 20 0 55 12 10
35 21 70 22 23 66 11 20 95 13 69 81 96 0 2 21 75 87 49 38
39 99 83 29 20 20 89 72 19 83 3 5 62 52 43 3 8 88 6 15
22 87 28 66 13 75 92 94 16 81 9 98 31 39 92 8 54 82 0 94
67 22 44 46 67 73 61 47 20 75 30 20 60 4 21 36 74 83 92 82
90 26 97 40 43 98 84 8 41 38 99 0 46 52 1 75 34 84 36 79
22 98 60 98 89 7 40 62 6 19 79 10 15 63 9 76 12 94 25 47
61 89 7 24 85 36 15 22 11 36 64 35 95 52 40 67 45 72 5 73
38 77 89 52 21 55 11 25 54 24 97 10 86 94 83 99 95 80 41 37
42 37 30 95 30 31 77 83 84 80 89 8 94 7 21 18 54 22 69 40
56 64 25 82 92 90 55 44 21 78 77 34 51 48 13 54 60 49 25 96
86 2 50 4 93 71 97 43 4 65 66 76 38 61 13 50 35 35 3 48
10 44 33 4 58 88 29 53 16 23 62 47 20 99 22 73 80 47 63 87
1 96 58 62 61 57 56 10 68 76 28 15 40 76 6 43 83 82 94 27
63 81 41 61 16 18 9 11 18 84 64 47 47 37 54 42 33 43 92 86
89 34 49 32 15 35 96 44 90 33 45 90 36 27 17 21 43 67 70 57
23 15 20 29 72 90 37 48 37 46 83 51 31 76 63 20 12 73 95 45
27 37 57 87 56 49 32 19 65 43 73 68 1 58 50 43 14 71 31 23
50 92 57 71 62 31 32 51 98 34 6 24 42 43 58 9 63 11 56 67
51 5 46 55 81 82 68 71 80 47 72 20 67 15 12 84 95 70 14 52
98 22 71 48 3 82 85 94 44 57 26 37 83 38 81 32 46 62 68 63
81 26 1 26 93 88 23 17 60 21 80 8 84 73 24 69 99 3 45 95
75 47 74 77 54 53 91 24 17 0 35 70 95 9 13 46 75 91 29 82
30 29 31 79 75 95 57 51 28 89 18 11 25 96 24 80 13 3 19 90
85 23 40 77 57 75 0 0 46 96 15 11 54 77 53 92 83 71 64 82
79 0 65 55 74 46 75 97 10 63 2 12 84 58 65 58 71 61 87 3
69 67 24 72 42 46 4 60 46 35 35 51 4 21 60 99 65 99 36 3
83 73 46 27 66 39 12 66 9 74 85 0 1 56 66 65 84 19 8 79
97 85 51 24 80 43 9 50 99 76 71 48 30 78 37 50 92 80 86 26
27 18 50 79 38 7 99 7 82 48 67 84 6 95 12 55 45 19 24 17
71 94 80 16 5 49 75 86 85 35 27 41 60 34 2 44 83 23 20 49
46 2 99 4 37 11 62 51 57 12 71 36 57 59 38 17 26 42 82 15
74 66 46 47 98 53 2 6 12 90 21 83 42 20 71 10 5 78 64 4
46 54 56 98 83 84 43 44 3 82 68 77 95 14 73 8 36 72 53 9
98 2 2 13 92 63 64 32 59 16 60 34 54 10 58 49 34 25 89 54
95 4 24 87 83 15 58 32 50 98 23 47 89 45 51 91 3 66 53 88
2 81 36 61 75 31 65 66 73 81 64 18 77 57 94 49 22 77 78 84
44 4 33 66 80 97 91 5 26 33 46 54 7 65 9 70 51 90 46 24
86 26 46 96 91 8 39 89 73 40 8 90 94 96 50 90 19 23 75 24
99 25 39 59 54 24 46 12 20 34 76 85 17 99 73 72 52 70 58 81
40 8 34 4 41 17 82 49 27 83 15 11 29 13 0 35 17 17 32 59
20 79 15 17 19 71 3 82 83 74 3 25 30 64 82 89 83 88 45 81
60 97 54 33 44 10 46 14 83 62 24 27 14 34 72 9 63 24 34 91
74 28 66 35 68 6 13 13 29 47 84 6 1 73 10 0 87 11 8 31
94 42 4 60 89 34 22 93 22 12 14 5 8 53 48 89 17 60 95 53
47 30 2 22 79 71 33 24 56 32 47 19 54 40 32 86 51 28 21 9
28 76 13 94 41 4 96 99 74 60 68 87 65 76 51 55 9 11 76 39
42 38 45 13 84 33 34 86 91 83 69 12 68 1 77 53 93 89 91 31
42 76 87 4 72 9 80 85 84 44 18 30 81 32 4 38 60 42 80 70
76 64 11 35 46 61 59 10 12 13 79 95 34 45 33 9 74 22 47 1
23 24 69 14 33 23 20 66 81 49 27 32 40 54 98 6 59 13 63 29
93 4 74 39 77 95 86 73 4 86 38 51 63 49 11 86 34 66 59 1
28 95 27 7 94 45 38 72 87 97 85 18 54 85 95 25 20 74 86 8
79 69 45 27 76 89 81 66 36 30 71 34 68 56 4 99 6 10 40 86
9 60 4 74 86 28 19 31 39 38 24 18 53 32 50 20 21 94 99 78
35 22 43 30 73 15 57 32 80 0 14 40 30 96 74 24 9 29 32 9
85 75 74 24 91 35 31 27 18 97 57 42 75 6 35 32 53 34 75 43
72 31 18 45 77 56 61 63 32 53 36 12 42 44 82 16 74 4 60 96
56 74 30 38 40 27 84 45 37 88 74 22 50 96 92 2 59 79 89 57
89 68 7 20 71 59 13 4 20 73 27 22 34 9 95 7 26 20 61 85
40 60 46 31 26 91 42 86 55 99 36 2 41 57 7 93 60 15 18 3
95 50 14 74 73 86 20 80 1 81 2 19 15 20 42 25 8 42 34 62
6 6 8 24 64 36 98 22 24 31 31 96 37 70 28 27 25 97 97 9
29 79 4 60 81 82 8 8 4 51 75 98 35 97 58 88 70 21 19 64
43 44 98 86 28 57 1 30 33 61 5 2 67 9 37 52 60 60 2 16
46 22 78 90 23 80 2 87 55 81 43 51 70 79 40 42 58 60 46 79
2 56 38 27 93 4 19 18 24 64 69 25 90 14 2 25 26 55 80 96
56 20 20 2 9 2 49 69 9 94 14 54 31 25 74 12 16 47 14 47
50 71 96 4 56 27 67 28 14 14 87 39 83 97 44 70 15 54 8 64
28 60 25 42 85 87 86 14 32 63 28 83 93 5 29 96 52 10 77 90
38 57 29 8 81 80 87 62 33 95 55 30 98 69 99 7 83 75 89 47
42 79 51 65 10 78 6 12 55 62 37 16 60 40 0 59 86 46 39 19
86 93 56 95 33 53 5 3 82 85 17 57 20 19 87 18 61 54 72 90
11 48 65 66 32 23 37 24 95 42 42 57 67 63 43 27 92 9 54 24
81 86 56 23 3 4 6 34 53 64 47 14 33 99 0 15 84 5 59 56
98 8 87 63 11 23 54 54 71 0 66 51 9 88 39 53 80 45 26 64
55 46 26 6 41 95 15 65 73 76 12 22 49 29 2 27 55 76 8 48
38 87 2 51 41 16 58 39 37 39 98 9 26 39 39 79 40 69 20 97
61 22 62 53 86 48 12 98 91 57 88 86 68 53 73 53 90 89 32 42
16 49 2 97 98 46 32 6 80 52 18 66 4 24 90 31 43 2 80 43
73 88 67 42 83 22 55 25 43 61 55 96 79 11 79 71 76 16 22 98
14 81 93 2 49 14 35 64 10 18 14 80 36 19 45 10 86 27 76 50
9 67 17 63 84 54 51 32 44 18 16 7 95 51 70 61 77 1 91 78
33 53 87 6 26 27 1 97 13 95 81 33 56 18 95 18 9 93 93 12
81 6 52 93 53 90 47 5 23 63 48 90 30 62 86 8 79 64 41 99
16 55 49 66 79 24 52 57 96 5 22 18 0 29 0 88 70 11 47 92
4 20 91 33 59 65 31 15 4 18 55 45 15 62 76 17 46 95 38 4
96 17 8 51 80 63 45 12 48 45 87 39 31 18 40 74 91 91 46 83
45 49 84 41 98 32 11 29 22 84 79 44 72 77 54 10 26 0 83 58
97 5 37 13 65 40 99 29 69 3 84 59 13 49 91 9 57 46 9 10
75 52 40 83 62 30 64 0 30 59 37 84 43 78 28 51 61 18 51 82
63 61 92 56 61 46 34 91 56 79 30 50 64 65 53 59 53 95 31 85
39 98 33 40 88 45 0 17 20 47 5 85 76 38 50 90 0 11 11 89
15 32 22 58 98 88 49 23 53 37 69 1 9 56 17 77 95 28 13 38
14 85 85 71 40 34 98 64 18 58 35 23 35 32 82 17 40 41 10 3
89 31 41 51 85 88 58 11 87 26 28 67 10 46 39 46 10 11 73 95
57 49 94 87 30 72 53 97 71 7 22 67 87 33 72 72 62 44 56 67
2 12 72 27 96 55 19 0 60 3 94 63 18 58 48 94 5 27 19 7
6 48 66 99 86 92 52 23 65 18 42 63 67 33 14 96 33 16 92 84
1 46 13 11 84 27 40 5 56 21 9 39 74 35 41 76 94 67 92 13
70 3 61 89 42 62 12 52 69 66 75 70 81 59 47 76 33 17 11 22
84 99 61 52 30 23 65 20 55 87 48 22 92 35 65 20 62 57 96 19
71 27 40 18 96 66 87 2 53 88 77 63 3 8 57 67 7 50 0 85
29 3 12 34 4 58 38 76 69 25 54 86 19 47 11 20 70 32 49 4
97 84 2 27 62 8 41 76 80 74 59 26 28 52 21 64 33 52 68 65
82 83 8 53 95 12 3 29 71 52 25 3 0 17 37 62 6 40 31 14
30 80 10 63 4 9 30 81 99 69 62 75 93 82 96 60 32 45 25 32
15 19 40 7 83 71 16 89 97 63 9 26 25 48 65 8 53 34 96 36
92 93 70 94 82 79 41 2 60 74 85 64 82 28 25 27 70 18 41 22
32 14 95 19 28 11 51 50 71 32 85 34 73 56 17 79 37 69 27 16
83 78 71 95 24 15 16 84 24 25 53 3 16 64 11 3 7 35 81 51
26 42 91 19 81 69 30 13 42 56 15 58 48 78 15 77 45 33 90 37
77 38 35 27 35 30 23 35 87 4 99 97 22 32 77 26 57 18 0 4
85 61 64 99 84 35 76 8 21 61 70 24 14 31 77 22 35 3 22 58
28 56 21 11 47 3 64 80 72 65 94 64 66 35 78 12 31 23 55 45
13 0 12 67 83 86 61 88 39 39 40 66 81 82 10 73 2 70 15 97
16 83 73 45 37 30 89 84 63 19 32 53 75 1 80 22 95 53 28 85
38 83 94 88 79 81 48 47 1 50 2 72 53 32 65 99 42 79 90 68
75 71 71 51 72 40 75 22 71 29 78 66 14 82 75 87 61 71 73 26
81 10 21 42 40 57 94 39 21 62 12 44 73 63 7 67 60 6 76 99
94 22 98 25 21 49 11 29 7 58 34 72 70 39 93 7 92 0 31 83
51 93 3 91 45 39 65 65 60 51 71 89 53 28 81 48 77 3 26 19
35 12 10 23 53 44 1 50 34 85 57 89 66 63 92 11 96 47 93 53
66 49 5 39 83 47 19 42 93 72 69 8 34 51 27 62 0 65 89 16
30 46 64 92 67 73 22 1 42 2 19 51 75 74 73 38 25 67 72 7
61 17 43 66 27 76 11 33 68 71 69 65 55 34 88 4 90 73 57 0
38 82 95 28 28 66 67 93 42 27 80 67 96 13 56 18 24 35 31 32
86 65 54 8 62 85 69 38 36 27 54 22 8 65 8 79 75 80 79 25
91 57 46 50 76 5 13 67 21 4 67 39 12 84 95 10 58 90 6 92
11 97 11 60 50 69 63 51 18 44 58 34 35 91 20 17 84 28 97 50
87 71 90 74 52 95 52 67 3 55 8 96 44 14 98 25 53 84 4 6
11 55 63 15 3 3 28 47 4 46 20 11 9 92 6 50 20 82 58 66
63 38 47 32 52 27 87 70 95 99 95 44 0 64 30 90 58 83 75 35
16 56 22 37 36 74 53 98 30 10 16 8 11 88 31 54 85 78 20 95
88 18 35 7 47 99 88 0 49 20 96 15 44 97 52 61 0 7 24 34
68 86 10 69 25 61 55 93 73 15 59 15 3 33 50 52 38 17 15 20
36 74 8 71 8 54 29 55 0 5 86 2 56 27 20 68 57 77 12 14
42 65 71 39 65 24 50 88 75 45 81 16 74 73 36 13 72 98 89 46
96 54 37 10 29 68 15 74 87 32 82 79 54 12 84 3 57 31 28 38
84 8 2 76 43 77 18 46 4 57 25 3 53 72 99 90 70 21 10 34
77 62 69 57 35 80 71 46 44 34 7 86 4 37 80 66 41 30 46 99
20 64 44 2 35 12 37 51 69 91 81 22 58 91 45 17 3 18 91 17
70 13 49 20 66 17 33 8 85 32 98 51 4 90 74 82 65 94 91 59
97 13 9 7 84 71 17 94 76 86 72 8 62 75 8 64 48 67 80 23
73 26 16 62 4 84 3 0 80 22 72 56 41 72 25 72 47 9 6 32
20 99 91 14 8 50 21 79 33 11 22 86 33 90 17 0 4 93 0 84
95 28 6 5 59 43 81 59 72 35 56 31 42 29 7 48 57 64 20 31
53 26 46 30 8 26 93 41 28 77 60 13 83 4 67 26 62 94 33 1
82 95 3 64 65 53 36 46 28 58 84 34 84 83 8 39 31 88 15 93
57 69 63 56 75 6 96 20 38 30 94 13 18 7 19 1 55 10 22 87
34 16 86 11 46 23 44 68 45 30 53 93 45 69 82 53 16 13 97 57
63 90 95 13 92 33 59 12 11 60 14 80 87 22 51 26 34 53 7 62
67 93 45 96 33 39 51 71 77 39 49 27 73 31 68 30 63 50 64 67
81 48 71 33 54 12 8 43 42 57 32 93 20 5 36 30 26 77 56 79
3 42 17 45 4 80 46 11 68 58 34 28 80 74 89 49 96 94 40 2
61 12 39 64 41 6 98 31 2 51 65 49 9 75 37 63 80 58 67 22
70 29 12 14 82 12 53 17 12 72 46 16 27 13 4 68 2 12 86 7
98 52 41 56 68 51 65 53 53 80 18 72 66 83 8 34 70 40 49 56
59 58 29 40 60 60 56 56 70 43 25 82 79 60 35 17 76 40 69 75
79 74 12 4 99 72 12 34 0 18 79 76 28 47 70 9 68 10 14 30
77 75 24 5 3 40 30 31 0 75 68 41 14 25 63 7 41 31 9 0
28 69 43 34 56 53 65 5 8 79 46 80 28 87 80 6 20 79 95 55
44 56 99 40 50 88 53 77 86 42 87 90 18 29 7 49 82 82 37 40
90 14 49 50 67 13 0 15 36 66 40 73 73 7 74 67 87 87 81 61
36 51 25 70 82 27 41 27 95 8 40 96 35 27 26 57 77 23 70 15
53 20 8 69 71 60 21 26 77 67 12 72 35 72 48 27 24 38 68 85
26 29 16 74 7 71 17 21 50 47 48 66 41 1 91 26 37 18 76 73
20 31 12 86 72 75 57 78 4 31 97 38 32 38 90 75 74 5 82 10
84 3 28 68 42 66 30 29 99 7 94 36 21 56 76 98 34 61 5 65
62 33 23 76 64 19 89 18 24 41 46 47 92 64 10 38 34 70 64 13
67 57 16 71 98 61 40 73 26 42 39 97 67 20 94 24 43 56 83 87
14 72 32 25 64 98 28 22 43 1 1 51 10 58 10 7 4 75 5 55
12 82 2 31 53 1 18 29 21 65 54 38 38 53 60 43 4 33 20 42
60 64 21 27 71 60 52 62 64 45 66 7 47 53 45 26 17 71 20 21
21 50 39 79 9 85 95 42 43 53 35 49 1 51 81 69 47 0 1 66
48 55 19 70 83 55 1 70 75 90 74 25 47 14 98 78 68 71 47 66
38 2 53 75 41 5 28 8 69 14 62 86 81 34 28 64 93 56 13 15
79 99 91 68 64 63 6 32 57 79 23 15 64 51 58 56 66 82 26 93
90 70 27 10 36 61 66 80 81 31 51 21 66 14 64 19 80 7 77 16
30 66 44 88 22 42 25 77 15 86 44 43 25 0 56 14 95 21 56 87
90 30 81 29 42 98 7 50 62 96 1 1 1 99 48 58 24 1 8 96
32 74 45 47 52 52 8 91 28 57 91 33 24 43 5 85 68 99 11 76
59 68 67 41 0 63 6 84 45 6 29 3 65 70 37 45 3 30 49 35
1 29 17 77 89 96 40 47 25 54 52 98 50 16 55 84 17 1 38 75
9 79 32 1 18 97 96 16 83 62 41 56 88 50 28 8 82 3 89 82
67 18 59 44 7 88 60 48 2 86 48 55 41 65 51 58 10 91 35 57
67 55 89 69 39 95 87 26 98 69 43 50 68 27 10 18 68 32 31 30
41 45 25 7 48 32 4 6 79 0 25 96 88 31 52 74 92 85 43 94
